features_0,features_10,features_100,features_103,features_104,features_107,features_108,features_109,features_110,features_114,features_121,features_122,features_125,features_13,features_130,features_14,features_15,features_2,features_21,features_24,features_27,features_3,features_32,features_34,features_36,features_37,features_38,features_39,features_5,features_51,features_54,features_55,features_56,features_57,features_79,features_8,features_80,features_83,features_85,features_88,features_9,features_93,features_94,features_95
0.3243910655467284,0.7471697499921884,0.1274754799908981,0.24138419928215288,0.0,0.246124224562925,-0.1742966565701381,0.12935342285025228,-0.07488391891612735,0.8864779888769668,0.0,-0.2505657199940847,0.5684766088683818,0.0,-0.17325105798644264,0.7917334077938194,0.0,-0.22387431949062314,0.0,0.7533685070357148,-0.26273363701914926,0.0,0.0,0.0,0.0,0.0,0.0,0.0008574602849030548,0.0,0.0,0.0,0.0,-0.20781941904647303,-0.4623772622616745,0.10648407227277025,-0.06024792991170002,0.0,-0.31475849502858966,0.021666148479259354,0.762162346889884,0.07828533753640772,0.0,0.0,0.21235202217168272
0.0,0.0,0.09433087017065829,0.185541059279308,0.0,0.0,0.0,0.0,0.0,0.0,0.0,-0.1154598539140029,0.0,0.8024221649583758,-0.13830342611588192,0.5447337820056798,0.4471854247142738,-0.09776490254719623,-0.37978466244546605,0.0,-0.22090618894237596,0.0,-0.32801360892736875,0.2870717798665602,0.37303280625309515,0.0,1.96631846317666,0.004742347698168187,0.6889236598354813,0.0,0.2514318962832179,0.19960436169542292,-0.08427595891083894,0.0,0.0,0.0,-0.28989277550338693,-0.16213780423162702,0.06953697716436097,1.336757210615532,0.27046463448853,1.0220399569615684,0.0,0.23673287220656955
0.0,0.0,0.0,0.0935084284050448,-0.28395354532336303,0.11931484563845443,-0.2003496464039384,0.0,-0.0921702493433918,0.6653837087736133,0.0,-0.16484757328668848,0.5748540785066096,0.0,-0.21036173342341113,0.13311943761067307,0.5253272216095224,0.0,0.14856305712049755,0.0,-0.3048929053998247,-0.08481334600210019,0.0,0.1768877381383629,0.3563240922614229,0.0,0.0,0.0247587194256465,0.8806877914724238,0.0,0.16314685270988277,0.0,0.0,-0.32055857194973947,0.06649895047442507,0.0,0.0,0.0,-0.0022408179038747008,1.1110088568064462,-0.05355516862078611,1.3399374418852352,0.0,0.17460117500253944
0.05370951789670926,0.0,0.16031284390364395,0.0,-0.0903299481848658,0.18542959547596788,-0.10248065322303868,0.5752897169461239,-0.05665312070193823,0.3085125477101084,0.0,-0.16450550188936003,0.0,0.5271834629561758,0.0,0.42340641517284744,0.3523202460558635,0.0,0.0,0.0,-0.2114263603060019,0.15203213230917104,-0.38818267289240294,0.18109023968335528,0.0,-0.09258679293717516,2.20545898640936,0.07567685695016504,0.0,0.0,0.29686313015592886,0.28333072166089995,-0.03495382508266364,-0.32934046926513594,0.12596760279499641,0.0,-0.24714560283635462,0.0,0.0,0.0,0.0,1.4340713796651912,0.0,0.0
0.43158146833713,0.0,0.06949457720320097,0.0,-0.29985348703334525,0.14800066731528944,0.0,0.1221830839250061,-0.11677860879563542,0.0,0.0,0.0,0.3544413510720133,0.0,0.0,0.5818469498670387,0.6751130149964932,-0.060595836032088395,0.017570131209273365,0.8920331690223076,-0.23031167674896091,0.03663111527826404,0.0,0.40026086385852744,0.0,0.0,2.39872208994033,0.0,0.0,-0.06729615020653675,0.12241325294197439,0.0963104968982777,-0.2082997997482009,-0.44713004660845396,0.0,-0.05361830682466885,-0.30808570888749703,0.0,0.0,0.8038769338260014,0.0,1.388390631193689,0.0,0.13474547108948684
0.0,0.0,0.15343630856373278,0.04807897640630381,-0.16898528126199877,0.21226738645481497,-0.09589372844439593,0.0,0.06663265489276986,0.0,0.0,-0.19578805121694207,0.12298962144456368,0.8438882886473282,0.0,0.5874253225995962,0.0,0.20456748820970774,0.0,0.7058318753240079,0.0,0.0,-0.2581458038096437,0.0,0.26099784046131336,0.0,2.2967498168457414,0.0,0.0,-0.02304309285410728,0.21955221474701214,0.19942598021808128,-0.12637895820039205,-0.4049346965234376,0.0,0.33095796409371264,-0.36316569139135585,0.0,0.0,1.1595815647281515,0.3941445392437997,0.0,0.12340376686120136,0.2046019351873546
0.0,0.0,0.09318665631284913,0.24796851913363027,-0.19647597135455072,0.10717910760904878,-0.18084119013607708,0.36105440986923704,0.0,0.0,-0.2874506609490381,0.0,0.2599714022551351,0.0,0.0,0.24001794073433452,0.4050691156223119,0.0,0.08193863980184876,0.8186382733716536,-0.2458712341721506,0.13674476443086758,0.0,0.18414777366230065,0.27272458878798217,0.0,0.0,-0.004430368610363423,0.63309133974487,-0.16072014743631377,0.10872710332477317,0.0,0.0,-0.3807295833149093,0.040574932406043006,-0.47318918786424286,0.0,0.0,0.0,0.0,0.16020830083569476,0.0,-0.0686575605505034,0.05208270358071781
0.0,0.0,0.0,0.0,-0.28290132122139794,0.24972834578662736,0.0,0.26619417427677977,0.0,0.0,-0.21781546399598042,0.0,0.1380505681091953,0.0,-0.17370583828027958,0.7616107053073095,0.6511694427663031,0.19916629502331637,0.04685100222094135,0.843299378031597,-0.19327383441219648,0.1814825395259043,-0.21582829509451384,0.0,0.24767176312908068,-0.038579978535460475,2.3828307821674963,0.021446378696894117,0.0,-0.026284297445092107,0.0,0.0,0.0,0.0,0.1856634843349969,-0.1023336015781625,0.0,-0.29124033374360087,0.05612714587872282,0.7773233041314218,0.0,1.5997326251520045,0.18528915414938932,0.0
0.0,0.5975498634302742,0.1731262303198796,0.0,-0.16334926144083342,0.23334365382596767,0.0,0.2972425473964032,-0.1553207848769264,0.5502681553770052,0.0,0.0,0.0,0.809918053490892,-0.11148804158532286,0.0,0.0,0.0,0.5066401932382244,0.7299160341579058,-0.21995956498841018,0.0,-0.22025836141079735,0.2932401149635364,0.17550430136505238,0.0,1.9927691008307176,0.0360936960550749,0.0,-0.05998161365802029,0.0,0.0,-0.14103117538478596,-0.3681386156118384,0.10273275380292904,0.0,-0.3666319871338229,0.0,0.0,0.923290237597204,0.0,1.2416550207726187,0.30629113182918427,0.17327619695496707
0.0,0.0,0.0713608453578302,0.20172736896801693,-0.12854537066208085,0.24701409854817538,0.0,0.4716941625903064,-0.18415111314525742,0.6138344000966888,0.0,-0.19370169256257996,0.5293989189119765,0.4398247787084716,-0.18985631591231822,0.0,0.40194852953039223,-0.10108128297391158,-0.17788185258627567,0.0,0.0,0.0,0.0,0.2142218191097615,0.43602463296280375,-0.11479495574900912,0.0,-0.03183879979131201,0.6552357967322746,0.0,0.0,0.040345140098166136,0.0,-0.2899457534877683,0.07228505784619313,0.0013074975547514788,0.0,-0.12129231681503701,0.0,0.0,0.012632999004304958,0.0,-0.06759186462743173,0.0
0.3910627918589858,0.0,0.17200130758244284,0.0,-0.2579320597625268,0.3162343199796849,0.0,0.2730442245574522,0.0,0.17260958723080658,0.0,0.0,0.0,0.0,0.0,0.0,0.0,0.0,0.17517383066363282,0.0,-0.26596893881467265,0.0,-0.45956105317083984,0.0,0.505606875349026,-0.024626480179267874,1.8778904653519566,0.04632427523945477,0.7858098605761474,0.017476940379910946,0.25232329690974603,0.17474867493575855,-0.11414581580248227,-0.3406852433188244,0.13111364970562964,-0.05360536810434708,0.0,-0.08861904975873051,0.09329860363312387,1.0325688880465402,0.0,0.0,0.22876521498743016,0.25369165841062963
0.0,0.3460893657618258,0.06168875567852599,0.0,-0.37333534992608775,0.06890530462120388,-0.2133330504235596,0.09716437310729756,-0.14710443756180216,0.593233410079785,-0.33173185704065816,-0.23955705988270495,0.3259536222845017,0.0,0.0,0.0,0.0,0.0,0.0,0.6712107722058354,-0.3229577471922733,0.29224726767141307,0.0,0.0,0.22144823189776514,0.0,1.749619561815192,0.0,0.7005243876271652,0.0,0.14876658464639497,0.10016350001842787,0.0,0.0,0.0,0.0,-0.3309409668850768,-0.31857467349576946,0.0,0.9225696401731184,0.14596490637401593,1.0461467792170491,0.1921107594077032,0.0987274390196964
0.2870080002379077,0.0,0.0812854929536184,0.0,0.0,0.0,-0.09579713132691818,0.28104873652336343,0.0,0.3292806423027034,-0.18831417173461346,0.0,0.0,0.9777347922937254,0.0,0.5850366730504515,0.5357116267391718,0.0,-0.1715402256784051,0.0,0.0,0.2445601090953089,-0.41949903565406466,0.10942174976299239,0.26023211670646773,0.0,2.0998441587604564,0.021715681791620856,0.0,0.031948424516186506,0.3083252770930041,0.16395024018543988,-0.08162857868137256,-0.3660962252998673,0.08759740744617532,-0.037940179442818245,-0.23197076569390562,0.0,0.0,1.0801899403983444,0.0,0.8178275990825458,0.0,0.0
0.03938942195641394,0.3595327676162771,0.10434832267474847,0.17419912001441762,0.0,0.0,0.0,0.5643546851671362,-0.09928774433867149,0.23352309467925567,-0.18447663607642403,-0.15208617652855833,0.0,0.6325382257845225,0.0,0.4005957292938547,0.39091534925408516,0.0,0.0,0.0,-0.2299710795790989,0.0,-0.45013273006803695,0.0,0.34468410848679637,0.0,2.028973845561744,0.01571500331417584,0.0,0.0,0.2716114306612345,0.0,-0.0866137776624821,0.0,0.10506905237752605,0.0,-0.18482508548743412,-0.13269252036879045,0.11092392687756267,0.0,0.14459388722531868,1.788484336216333,0.0,0.2505905052958655
0.15688434663824052,0.6449358168294268,0.1924768791551859,0.3097803114413729,0.0,0.3739601534149766,0.0,0.29385446591374176,0.0,0.0,0.0,-0.23058160191453303,0.0,0.0,-0.10623292525597805,0.8441159420417405,0.0,0.0,0.0,0.0,0.0,0.28434955877783463,-0.48391977867881725,0.2263903612861093,0.4927427669307032,-0.03928969832187307,2.362858079255046,0.0,0.0,0.029086851870904634,0.0,0.17891524841262899,-0.0826785314103608,0.0,0.2482625811541897,-0.31670812459163106,-0.33447572297300937,-0.17113239696792923,0.20843257758664327,0.8517336092714883,0.18393502431886577,0.0,0.0,0.0
0.09834369611508804,0.0,0.0,0.348118143503119,-0.33495847125571676,0.17121207566413807,-0.2001446489095279,0.0,0.0,0.8115640479521126,0.0,0.0,0.0,0.0,0.0,0.37565591301804685,0.6114308812722198,0.23626080920665873,0.3948956977502059,0.0,0.0,-0.15210854182147007,0.0,0.3482412741830044,0.40644818313970016,-0.15360628616741323,0.0,-0.01979215802517332,0.0,0.0,0.0,0.18678917412638096,0.0,-0.3701587566645864,0.07829757647818796,0.0,-0.3390889931577322,-0.1560198524712003,0.12683595653508525,0.9512688109090439,0.05826904205582589,1.069963722944105,-0.12199536475904392,0.28964296385619365
0.0,0.0,0.128608133407955,0.0,-0.11857341032423183,0.22427175819647635,-0.11969097047504505,0.0,0.0,0.4049177376515756,-0.20474959641294418,-0.1265072209888269,0.0,0.7386637143666832,0.0,0.27991976202595925,0.4050183776932933,0.0,-0.10145580581953972,0.6231755278411119,-0.20185488711835173,0.0,-0.11428780478636158,0.0,0.3603695825394095,0.0,0.0,0.0,0.7639266710817226,0.0,0.0,0.18286739396404159,-0.12023651201158021,-0.33046720603766444,0.0996753982593097,0.0,-0.2591207670395095,0.0,-0.023336404452724998,1.211206450563708,0.008225270003947094,0.0,0.17255921530163507,0.14373910897619602
0.1684300612511733,0.3626837693677958,0.1360261101585897,0.19823124254648705,-0.06065133633908564,0.0,0.0,0.0,0.0,0.6413999963028213,-0.19755421544074328,0.0,0.0,0.0,-0.03998395461679038,0.34419815492978845,0.45919692915383464,0.0,0.0,1.0112457373084285,-0.22451136291157436,0.17131039371924953,0.0,0.0,0.2019739166667305,0.025507208461832125,1.984473849530719,0.07616503424282427,0.30783135804109985,-0.02363167596402315,0.0,0.0,-0.07106451655380928,-0.2651362243579858,0.0,-0.28556479760948955,0.0,-0.128618503285099,0.0,0.0,0.0,2.0221591367196816,-0.07440786696872494,0.10399105464901531
0.0,0.2919305360164861,0.08531578001659201,0.5305406898362295,0.0,0.0,0.0,0.0,0.0,0.2617587791431992,0.0,0.0,0.2272158008214447,0.7292230980196229,0.0,0.3034076050048099,0.4319009854162843,-0.051347011570069594,0.0,0.0,-0.3179052050491482,0.2532300994032818,-0.3290717897700692,0.23006564151492911,0.35712592644156493,0.0,1.767383073610145,0.0012986601544710498,0.617991854387702,0.014584268658337217,0.2734550442417279,0.10166299712565038,0.0,-0.31653845553653237,0.0,0.0,0.0,-0.09136094051450035,0.030883607238167812,1.2854442873389467,0.0,1.0013532050071865,-0.26353858420919196,0.0
0.38030454412761056,0.505596927866034,0.0653536917470941,0.21965826985199674,-0.22997321541774113,0.21893155496596622,-0.11905011687900006,0.0,-0.02316417827726787,0.7357038314943568,-0.17794619103575005,-0.15117771695624743,0.37741562370813186,0.8023028008679184,-0.14834770813812997,0.0,0.6309650728711531,0.2755240775877159,0.19162070637190612,0.839421168846841,-0.2856954529421793,0.0,-0.07415187898073013,0.0,0.0,0.0,0.0,0.0,0.0,0.0,0.0,0.14630330139083952,0.0,0.0,0.13473556317699403,0.0,-0.2755704728634877,0.0,0.028225522701296912,1.0318833935296619,0.0,0.7873088153904906,0.0,0.0
0.22969139355390913,0.46209963737812887,0.12607485422560408,0.0,0.0,0.2457106072660324,-0.14775397222004807,0.0,-0.022905842640818325,0.0,-0.16089871200086972,0.0,0.08762566587003635,0.3657195474344907,-0.10055913184771835,0.4292028938928391,0.5696868685185646,0.2434135684942984,0.0,1.0621677241929095,-0.2578042028665217,0.0,-0.08827677859509725,0.0,0.0,0.0,1.9826444927285123,0.035870274039130796,0.0,0.0,0.0,0.18445531919118802,0.0,0.0,0.14606540997486964,-0.18108540315097713,0.0,-0.14111554535962004,0.0015611397341544818,0.0,0.0,2.2937176507802244,0.14241637717737896,0.15916556715150343
0.0,0.5740767696642208,0.11194878486951579,0.0,-0.165893320153914,0.2820984829116657,0.0,0.0,0.0,0.6544494641056412,0.0,0.0,0.4888639083710097,0.8860365057520644,-0.14793320076129027,0.5215782916271419,0.0,-0.03981622083597683,0.0,0.754249138816194,-0.23459527982683123,0.25110487625150935,0.0,0.0,0.0,0.0,0.0,-0.05353696911264338,0.0,-0.07038474917249374,0.16700089188228132,0.20968454657090171,-0.14418817936549538,-0.4347154802609169,0.0856078891803634,0.0,-0.3949517677716246,-0.15690826959848245,0.0,1.0772718504570833,0.2590108329129208,1.3567208358631846,0.23364780499438656,0.0
0.11845342536293409,0.29569395568015183,0.017280210224569714,0.0,0.0,0.10919144523415858,0.0,0.09430536553077448,0.0,0.0,0.0,-0.23454705317370517,0.24921449316433963,0.6619599729077608,-0.19299333732645554,0.3883894304742119,0.4980349291999399,0.0,0.0,0.7649020705698577,-0.32114032716123636,0.02200381439651724,0.0,0.0,0.3269720896896076,-0.14324955232689623,1.863155474517566,-0.04939838118403627,0.5215450663968126,0.0,0.0,0.0,0.0,-0.37432311207768815,0.0,-0.14926663508100016,0.0,0.0,-0.08525576246542896,1.0461644957832443,0.09152896246623957,1.6617355887853593,0.0,0.053243222046618965
0.23434983464593578,0.3215147344107385,0.028506087766458448,0.0,-0.2749283576755796,0.08668642750422009,-0.15383934095301555,0.16166558700578895,-0.12641262298972852,0.0,0.0,-0.23482641864470252,0.0,0.8103167277259861,-0.21765729050540375,0.26761469391111065,0.0,-0.3291341096772051,-0.1262670950939603,0.0,-0.28279784720282986,0.06283175470460457,0.0,0.056102230771985624,0.43222643151332896,0.0,0.0,-0.032445863799915126,0.9632266477660234,0.0,0.0,0.0,0.0,0.0,0.030593300555617015,0.0,-0.35142980230043847,0.0,0.0,1.186091059793985,-0.15138554944224222,0.6448974596778981,0.0,0.17634582849354044
0.3447202046350851,0.3263598759910699,0.030448115224733913,0.0,-0.2686966872315951,0.0712290340504614,-0.17989754511530662,0.0,0.0,0.4300541048277043,-0.36908464940004915,0.0,0.0,0.6674069776366295,0.0,0.4921117799044694,0.43395969754089253,-0.2590321489573808,-0.2738602930695146,0.7431491453675279,0.0,0.2694890206423944,0.0,0.0,0.0,0.0,1.774232241598235,-0.09144651477299338,0.554847613571304,-0.04567091704018028,0.14186000177505495,0.0,-0.17141773703836255,0.0,0.0,-0.31243999569034103,0.0,-0.26245411871528584,0.0,1.1110449387507495,0.23709780601354535,0.0,0.0,0.07524238124896436
0.06063131572135802,0.0,-0.0076124555625725196,0.10497314850321038,-0.21506468147343705,0.0,0.0,0.3953396400433062,-0.09994582749787889,0.6404089275124851,0.0,-0.21797379747411189,0.24150775438452834,0.0,-0.16910326949001062,0.276084503210832,0.5041814121156645,-0.14458320837023006,0.0,0.8137440327280119,0.0,-0.014457555781835576,0.0,0.0,0.25263317921111533,-0.10758569306741282,0.0,0.0,0.6541054619315394,-0.11003551878071362,0.0,0.10283912497380233,-0.11490251186177093,0.0,0.12445030468710594,0.0,0.0,0.0,-0.0503718788963283,0.0,-0.08118594636449888,1.230103997510615,0.0,0.08750252546127638
0.0,0.2559444855134971,0.02221230079629752,0.0,0.0,0.0,-0.16160376468493662,0.18546220221163184,-0.059162016203701526,0.41682995894566527,-0.33772155127209996,-0.2170647385121387,0.0,0.6946235903056671,0.0,0.4817694959964818,0.0,0.0,0.0,0.7743095702905156,-0.25805214661421455,0.07517469341593253,0.0,0.19071036432498892,0.19763104278678398,0.0,1.8742728157987159,0.0,0.5946102641618392,-0.06906371641998668,0.0,0.0,-0.1635181394556747,-0.4096590552655274,0.020390599051097892,0.029410391362336995,0.0,-0.31043351734669067,-0.09607587048642838,1.0188610104692375,0.0,0.0,0.0,0.07580433401239693
0.10520507792382887,0.4607337455535225,0.06948776950093999,0.199273737261708,0.0,0.23427689071207047,-0.2186485735262357,0.14226011182421014,0.0,0.4664435873961688,-0.2564566024156646,0.0,0.1207847581098365,0.0,0.0,0.688218559080202,0.5991677508127635,-0.016326294953066794,0.0,0.8354765169194195,0.0,0.04329810439927011,-0.32911510492506485,0.0,0.44176521286609616,-0.06383268773739775,2.326497738805468,0.0,0.0,0.0,0.1578832651784106,0.12916020160014316,0.0,0.0,0.10687110385386014,0.0,0.0,-0.23034827672258687,0.03739535667810349,0.7780502108479355,0.24580341519873855,0.0,0.0,0.0
0.22725475655300018,0.0,0.15008777451989297,0.2587483489568728,0.0,0.1892657732243927,-0.17335014231348292,0.21583791568331676,-0.0673775405688332,0.49444623912075525,0.0,-0.27883407468075666,0.36627220282106104,0.0,-0.14951726460640047,0.0,0.0,0.14056273761870444,0.1211928898006753,0.0,0.0,0.0,-0.24218692113838228,0.0,0.0,0.0,1.7974953985291775,0.06262425004985267,0.7414666384280553,0.0,0.0,0.14142152708681466,-0.1270760051576818,-0.33887718292566105,0.0,-0.021139763743518062,-0.3484473677989001,-0.1625808102821887,0.08069452279213411,0.9816059673940121,0.0,0.0,0.0,0.238161382211117
0.0,0.0,0.0867745642355759,0.0,0.0,0.11980880900546097,-0.16678497116749674,0.2392177032144221,-0.05747102188075887,0.0,0.0,-0.20627638947295135,0.28154621535063207,0.8224093525125231,-0.12448850976872214,0.0,0.3496752393157446,0.0,-0.15636018379931002,0.0,-0.23243263176304105,0.3036434008975112,-0.2531744112612786,0.0,0.4079196682251392,-0.13627761704829677,1.7600884107938688,0.03736874497944656,0.6815931138196082,0.005499474051505423,0.0,0.12859607292261135,0.0,-0.3063972270566382,0.0,0.0,-0.3414904884149645,0.0,0.06744124021328639,1.1590258484840086,0.0,0.0,0.0,0.20986674408895936
0.0,0.24083651529446415,0.19736412459088404,0.2241250134668731,0.0,0.2636429404503641,0.0,0.0,0.017020436891176095,0.0,0.0,0.0,0.36200236285105847,0.8081871296503139,0.0,0.0,0.3034687909168772,0.0,-0.01475214930703252,0.0,-0.20908299240825548,0.3040768189230968,-0.2775439159471462,0.212902626016333,0.21874454325162332,-0.0700060393040562,0.0,0.0,0.8241042403572832,0.0,0.2292787889764534,0.0,0.0,-0.329545992671287,0.11656466416151985,-0.3480444693660031,-0.31535331187446136,-0.1352319184231111,0.06300725898890062,1.3192041621149493,0.14530104108346018,1.529421410902172,0.0,0.0
0.0,0.0,0.08362965996298047,0.2938984058595613,-0.1303048608517552,0.25715463532944843,0.0,0.0,0.0,0.5078532910610257,0.0,0.0,0.0,0.0,-0.10693566508808909,0.4450217365924621,0.3993618980196728,0.02513060350857199,-0.3064199769380619,0.0,0.0,0.04839029199320783,0.0,0.0923546495679169,0.34213770752369943,-0.10022994026160449,2.11780943851989,0.012034480852517685,0.5196852535562277,0.0,0.2695062780294643,0.17244932205557398,-0.08952438705094075,-0.246140462326689,0.12014411326800276,0.0,-0.23496546222375375,0.0,0.12778637406162272,0.0,0.03527859070588427,1.893439388666256,0.0,0.0
0.11087854720380325,0.0,0.17527479729177925,0.3009225834199069,-0.0861983222614625,0.3141017360843698,0.0,0.0,0.0,0.5264647198036401,-0.20275963848990283,0.0,0.0,0.3344529250486737,-0.0751842523591016,0.31675170089975085,0.0,-0.010790914933271193,0.0,1.1090234607052458,-0.2650329866544685,0.12859902107783272,0.03324827428155018,0.11048937787390004,0.0,-0.02687367027555444,1.8876599725732572,0.0,0.4434203133828368,-0.1854822429270895,0.0,0.2139998774749891,0.0,-0.2508660139560605,0.08040685490810581,0.00011755649373477451,0.0,0.0,-0.017440236641658377,0.0,0.1027608912174444,0.0,0.0,0.0
0.20662262990152844,0.0,0.1481844882893047,0.4362928331750199,-0.1763200454913451,0.31121935832341513,-0.1380247130849119,0.498355698467391,0.0,0.0,-0.2705856198673776,-0.2022208126496907,0.04850092115543771,0.0,0.0,0.6599647839757887,0.0,0.0,0.0,0.9003692535900462,-0.23759426713659773,0.0,-0.3215151855166343,0.0,0.0,0.0,2.2143621106267513,0.0,0.0,0.0,0.18953120827363104,0.2108443168943654,0.0,-0.36498755646625536,0.1099433786545389,-0.08828486458966356,0.0,-0.21680227974090316,-0.0011643507847035885,0.0,0.24900014015831357,1.5288511513244614,-0.15381985123170155,0.1721728145257754
0.0,0.0,0.0,0.0,-0.0799555562567646,0.2237277306992746,-0.12502269398029153,0.5932423388535562,-0.04430292292161271,0.0,0.0,0.0,0.0,0.48763325204631436,-0.12966710821309602,0.3753120396654062,0.3178074122930627,-0.11556072888512775,-0.2892826740722684,0.0,0.0,0.1057519232388411,-0.37394256979075746,0.264628716759436,0.0,-0.0806543987826862,1.788449098075458,0.030267502763278036,0.4852557634620735,0.0,0.29034935722547883,0.1400191561910158,0.0,-0.2223178027844648,0.13496663123467806,0.0,-0.3040456089439872,-0.04927955192549001,0.0,0.0,0.0,0.0,0.3074420753006399,0.21167425456633412
0.0,0.5235492487962811,0.0487665298324567,0.07074834587814134,0.0,0.0,-0.242182875472328,0.10335136031887932,0.0,0.7536735447203272,-0.361806017174519,0.0,0.38291896638949985,0.8857800432516519,0.0,0.345949461759946,0.556559878428612,0.19627827019955693,0.09681226603077153,0.8378973203037564,0.0,0.0,0.0,0.0,0.3986760178392261,0.0,0.0,0.0,0.0,-0.07302196579707299,0.1512063355148098,0.12140952597210282,0.0,-0.48174105961601676,0.0,0.0,-0.3459026033055119,-0.2695899932806736,0.0,0.9826432556050233,0.1777897072177108,0.0,0.08334666782790667,0.022435428086110622
0.27770717103320397,0.4917690172991182,0.0,0.1234300674446613,-0.25057702603895854,0.0,-0.13285768154455468,0.0,0.005558781519281316,0.672276348285545,-0.27364825068993126,-0.1974853965833005,0.5245673597211704,0.0,-0.10897654553196383,0.0,0.0,-0.07645811336004114,0.0,0.5384532025861754,-0.26081937792047555,0.2657373915088052,0.0,0.3554341332278839,0.0,0.0,0.0,-0.004394248683418775,0.874480337831243,-0.0013689537319981262,0.22265925804394707,0.0,0.0,-0.3730375534529882,0.0,0.0,0.0,-0.21891498286155406,0.0038710790395727816,1.1215312936718345,-0.10969033773596033,0.8331588982375374,0.0,0.0
0.7867379608298666,0.3760048226238115,0.024699918474973964,0.0,-0.21402405916843084,0.0,0.0,0.1565309880151318,-0.17735067676955116,0.5914963724832601,-0.2241586504283944,0.0,0.2921304995823409,0.8011886141356819,-0.1784970593609345,0.0,0.5719098727989673,0.0,-0.021925838241685383,0.7878477161737524,-0.27332644769879844,0.0,0.0,0.17886439715294664,0.21792325066401663,0.0,2.0330890299321425,-0.0446170641496617,0.0,0.0,0.12316930825569943,0.0,-0.18290747227129436,0.0,0.0,0.0,-0.2970034587460416,-0.2182583635110808,0.0,0.9714526778806925,0.0,0.0,0.1080932551585748,0.12245403811271946
0.42194592087143906,0.4847685515652271,0.0,0.1961566338137995,-0.287493904422774,0.0,-0.18830335239167792,0.07493143710169149,-0.17732115993941108,0.0,-0.23038431848519744,-0.228925683783147,0.0,0.8587278730547925,0.0,0.5617074462808179,0.5994388179561964,-0.21723686238427062,-0.31141111751491146,0.9287600345702859,-0.2476182735301858,0.0,0.0,0.01462536056366496,0.10820046536019283,0.0,2.160108272609332,0.0,0.0,0.0,0.08513847145316711,0.0,0.0,0.0,0.08675481051160305,0.0,-0.2886755817155432,0.0,-0.007995166308371188,0.9824942825594795,0.3317558716182149,1.3417227997538617,0.0,0.0
0.20134937685275922,0.0,0.0,0.3819769251538725,-0.08739800625625292,0.2543837527054108,0.0,0.0,-0.03375892045400055,0.5454367669007353,-0.22059965167901258,0.0,0.3036944200920542,0.0,0.0,0.0,0.0,0.21867272481341052,0.0,0.9260502400188386,-0.18824146908529302,0.0,0.0,0.0,0.33902220381188275,-0.10043250705018497,1.8110326356985733,0.042862488316580405,0.5131345071856405,-0.10113060122547957,0.24884956676763736,0.2017190841729492,-0.08459198238431723,-0.3137413392745051,0.13031967835831923,0.1609074784957693,-0.333779437743883,0.0,0.0,0.0,0.0,0.0,-0.12064149804023909,0.1894983569144626
0.0,0.0,0.0991662506323796,0.0,0.0,0.1989875820373196,-0.09943249759739571,0.26509210543290146,0.0,0.30961762471315174,0.0,-0.1237521698325906,0.0,0.945146261174952,-0.11738755745414232,0.0,0.5886231063614978,0.0,-0.025358366690928214,0.8053292378696856,0.0,0.4541688619406372,-0.30730042207905345,0.1858018430189923,0.3949263214827205,-0.10558242402040305,2.2054262405754876,0.001381475974407343,0.0,-0.05891150095847585,0.14253080349072303,0.1190598556531313,-0.10065496580769262,0.0,0.0,0.0,-0.35095922468843743,0.0,0.0,0.8904743029832236,0.5938768055775359,0.0,0.25560541227009376,0.0
0.0,0.40135028897740227,0.08345207819290117,0.1238967613175623,0.0,0.0,0.0,0.0,0.0,0.553580894386572,-0.2750312067869633,-0.24492146494861267,0.51822660398164,0.7146532342042838,-0.21132365389428887,0.5285798048464004,0.0,0.0,-0.17623038022500792,0.0,-0.2751372605704937,0.0,0.0,0.0,0.22987763561843041,-0.13067015834627982,1.6533674579765427,-0.0568579782193641,0.7319888798362842,-0.06268644447539859,0.0,0.055014341403398205,0.0,-0.3457703567443777,0.01949342099382269,0.0,0.0,0.0,-0.03376148788260009,1.1955798522612713,0.0,0.7793267886885709,0.01651018470730325,0.17068241017551408
0.0,0.45823506978949236,0.09507882243924408,0.2792529326342036,-0.1471856444262301,0.0,0.0,0.21501216138658516,-0.01234364486540212,0.5628073486024966,-0.22854731231452283,0.0,0.38730425572928184,0.8215874974098442,0.0,0.0,0.5852600752456811,0.4660032941916777,0.13664650214650703,0.7168834132272726,-0.2995735662452184,0.20033749009957877,-0.14782518669093933,0.1805541119842099,0.0,-0.05689012206995203,0.0,0.0022199984591257,0.0,0.0,0.0,0.18782803374447365,-0.13497335749881145,-0.41856245369286876,0.0,0.0033345013480008657,0.0,0.0,0.0,0.9240177984670169,0.0,0.0,0.0,0.165345794874449
0.0,0.42876897629805205,0.0,0.0,-0.08979480237300812,0.18481857495516996,-0.07715803736566366,0.0,-0.030130760718327893,0.5223477268886316,0.0,-0.23593294409388355,0.0,0.0,-0.11285942534389243,0.5385508668422629,0.4976210797072531,0.15306850419525841,-0.2375850899163261,1.0166598869979422,0.0,0.0,0.0,0.10853327624500368,0.2828406417167018,0.0,1.9950916837346255,0.0,0.3386053768398257,-0.0989680126220582,0.2164396178448555,0.1854760702772127,0.0,-0.2888509942810251,0.11142636685004821,-0.10807417455145114,0.0,0.0,-0.06507342371372037,0.0,0.0,0.0,0.1858008347824362,0.06908007828337887
0.560219513045578,0.42699972715034185,0.09862491183755676,0.23141814849908074,-0.15650534513172976,0.0,-0.09321166094230729,0.2866834631654865,0.0,0.0,-0.19811161008808792,0.0,0.0,0.9603619305560128,-0.05877203014788164,0.0,0.6176062790190517,0.2543951051152515,0.0,0.8300318466219202,0.0,0.2624033902685298,-0.2668002505541833,0.0,0.40094652165532213,0.011440458651319041,0.0,0.0686849017121688,0.0,-0.01246209680879569,0.2059591027506561,0.0,-0.08193147281263412,-0.37794671065071433,0.15401645639127118,-0.23823287242363173,0.0,0.0,0.0,0.9760739381327882,0.0,0.9153624546149136,0.0,0.0
0.060632953094604106,0.0,0.13227287827697912,0.16294932546972327,0.0,0.1874942408020056,0.0,0.0,0.0,0.5181468766506037,0.0,0.0,0.4008957215453301,0.0,0.0,0.6416865557490308,0.0,-0.2851932971357059,0.04385121825035585,0.0,-0.18980360685306621,0.0,-0.21710357831818505,0.34282656811186274,0.4088539555448656,-0.1568815683840597,1.864106059898094,0.03540928561597408,0.7982233871779238,0.004974343704103854,0.0,0.0,-0.0961037222240189,0.0,0.0,-0.06234017476938578,-0.4294653091803794,-0.19382875258235654,0.0,1.1420266916130644,0.18828357843551805,0.977640020278683,0.003711402925548042,0.0
0.22046806749046965,0.0,0.1526545945951556,0.0,0.022769870905743374,0.21254581718139365,-0.06649081285661518,0.0,0.021473184339194373,0.577524016724566,0.0,-0.19889938932275714,0.293464816597698,0.4184832265726813,0.0,0.0,0.4587404533650508,0.0,-0.042494504763775566,0.9701877653835032,-0.17391748729320114,0.12777907737183844,0.0,0.0,0.0,-0.07200805473766521,0.0,0.0,0.48820623439119915,0.0,0.0,0.0,-0.10833769304980335,-0.24931013453788312,0.13930314736224125,-0.13793787759388318,-0.31450814808367544,-0.04975030961074179,0.0,0.0,0.02054464365789292,1.3375418342512324,0.0,0.15424840939877382
0.09718343371484049,0.0,0.0,0.0,0.0,0.0,-0.14421831294223209,0.0,-0.09679425151095256,0.6382942221650667,-0.2352868444815304,-0.19111632015585941,0.3782219783634021,0.37778059808940095,0.0,0.2986965800656877,0.5154442860796421,0.0,-0.3734008871688674,0.9721678580408605,0.0,0.04741893891693309,0.08991473948003993,0.0,0.0,-0.08836315272800248,1.7205623187528025,0.008131497130195847,0.43297650557509765,-0.1576349250030412,0.1470194671512511,0.12144911999435187,-0.11654527427834097,0.0,0.0,0.06334927676075645,0.0,-0.13824124971985025,0.0,0.0,0.09173509636914311,1.42963836257056,0.0,0.0
0.36470476422921294,0.0,0.11536248296725601,0.41989783316169715,0.0,0.0,-0.17384222556459578,0.5147051679177866,-0.026679574023180264,0.0,-0.2579146959254364,-0.16352791238976155,0.0,0.7332021993883866,0.0,0.0,0.0,0.18521306124577744,0.0029284387690035325,0.8307241177746143,-0.2855578914733751,0.46073341097121157,-0.36976145520211556,0.0,0.4386507232604537,-0.061165359184067715,2.1852276213299286,-0.0017342969439619004,0.0,0.0,0.19384664957974526,0.2455103294760281,0.0,0.0,0.0,0.0,0.0,-0.22571315044556356,0.03200978255792609,0.0,0.0,1.2294203784792441,-0.18289869866596672,0.13929324214873415
0.0,0.0,0.0,0.43396115263109497,-0.1784734162897797,0.1354685600983484,-0.12376268296164589,0.28253320007293986,0.011977454843155344,0.3996891653381068,-0.2376111854167229,-0.12762586625152852,0.12051221760176006,0.8382245383962618,-0.0950128321312042,0.7415317805029273,0.0,0.0,0.0,0.7033933147574034,0.0,0.0,-0.2651683722179015,0.21735487140254983,0.1791722164295204,0.0,2.1544692735650695,0.0,0.0,-0.058150949002456605,0.0,0.20628772519564695,0.0,-0.3894467468343007,0.0,0.5751767792962642,0.0,0.0,0.0,0.9741188552315826,0.0,1.6991307284538701,-0.1864878609095826,0.15339619445497724
0.2041884942421435,0.0,0.0,0.2182591053706666,0.0,0.1603565447774841,0.0,0.0,-0.040924601549439464,0.4765330644573147,0.0,0.0,0.0,0.2997442730950127,-0.09986601653462797,0.27901162592575557,0.5013410013820377,0.0,0.0,1.0051740030080265,-0.24975538015240742,0.0,0.0,0.16485386844754027,0.35148290585474146,-0.07977862102396598,1.795290755748954,0.03870677846789585,0.33364303304601567,0.0,0.21676871096294784,0.180921563467646,-0.08337621381046328,-0.24156464418408827,0.08668835377857315,0.0,0.0,-0.07503138167754729,-0.04707251403937484,0.0,0.0,1.2586466233860298,0.0,0.09497542765793873
0.0,0.3563569672158218,0.09693753656293211,0.3182997740041626,-0.15350072231057985,0.0,0.0,0.43789903864460233,-0.1459266912529205,0.5982270733718955,-0.3195144622045593,-0.23863437106738394,0.25943323498073173,0.0,0.0,0.0,0.0,0.0,0.0,0.8730721008675278,0.0,0.3536987633712211,0.0,0.19567324373638464,0.0,0.0,1.8525086902115449,-0.02787125149718362,0.5119989387685729,0.0,0.0,0.11650783455331103,-0.11218599430195929,-0.3732659425843272,0.04760174146662358,-0.15979591500847354,-0.33531307741368777,-0.1836180684755286,0.0,0.0,0.0,1.9193716359284403,-0.11347093851137818,0.07349276791796315
0.3176913462968304,0.2707456168681811,0.06605112997658556,0.16905218567345157,-0.21178032553244966,0.0,0.0,0.19065949203943594,0.0,0.49261514746985047,-0.2746930264620792,0.0,0.0,0.7305175104410357,-0.17455986814484253,0.0,0.0,-0.011696998067139773,0.0,0.7148599041216536,-0.31473586994265684,0.0,0.0,0.3291314750808206,0.0,0.0,0.0,-0.02824103596373024,0.7904028073557074,-0.05992395865589387,0.0,0.16307980142790446,0.0,-0.31047210219303445,0.0,0.0,-0.3103973327174435,-0.21336467730130773,0.008847246484859742,1.0770625903095685,0.0,1.369169462322926,0.024540573187668828,0.11374516923849763
0.26124144939053084,0.23127654442237994,0.1229265517807004,0.3374693515911807,-0.184918024779335,0.26670399274383566,-0.12099764948231143,0.23149154713625594,-0.04050473566161185,0.0,0.0,-0.1707976509745832,0.0,0.7207961423788635,0.0,0.0,0.4233228097117495,0.09095802007480973,-0.17023222790696627,0.7144451723004863,0.0,0.21976645769076966,-0.2811239945520025,0.0,0.35613041709270304,0.0,1.9530310887816302,0.0,0.5409209505581187,-0.04388113937177589,0.0,0.0,0.0,-0.3482195988505797,0.0,0.0,0.0,0.0,-0.023491772053831638,1.0971433683405494,0.16710242845224013,0.0,-0.15892628016510596,0.0
0.24883439973111726,0.0,0.0,0.0,0.0,0.21796070015288424,-0.11960347606199291,0.4940129699769123,-0.13247251715242556,0.5444103268174485,0.0,0.0,0.39213967537454353,0.0,-0.15783394032928671,0.0,0.5388085848857552,0.0,-0.002317854347537684,0.0,-0.32786096829664935,0.4741694661382784,-0.2773774385054625,0.09614377686635558,0.0,0.0,2.3440242987632365,0.006655877170087442,0.0,-0.03919989593711017,0.0,0.23283471825978225,-0.07430011904679812,-0.2961444436856728,0.13151682873830262,-0.2270741169604963,0.0,-0.15774148743745905,0.0,0.0,0.0,1.2620249412944755,0.2622442992536147,0.25708015565054715
0.3783385257096637,0.0,0.014839927442558045,0.12267711891455081,-0.2418547026278565,0.10582469932997779,-0.1317535271747046,0.09783138607573574,-0.1728399628208594,0.5116038827685179,-0.2231846980483328,-0.1825907094820013,0.0,0.7356284140288384,-0.20359080242281907,0.0,0.48764024404588757,0.0,0.0,0.0,-0.26151806277489653,0.0,0.0,0.25184131741904886,0.0,-0.11482764801232387,1.740478101371297,0.0,0.6365728640320588,-0.05840340399507145,0.0,0.0628275564768787,0.0,0.0,0.0,-0.19472590575150386,0.0,0.0,0.03378226976361849,1.2170007473469895,0.0,1.1329420829515608,0.0,0.18001266137605776
0.0,0.3108042662117135,0.13749988270234564,0.3696751274777754,0.0,0.253974901062573,-0.07916291676105572,0.0,0.0,0.7090597872785996,-0.23417650624713487,-0.25397706128289016,0.44927106068303735,0.0,-0.11128533431973398,0.0,0.0,0.0,0.4356605243584193,0.6749220635382581,0.0,0.0,0.03280614101815451,0.20591483359112212,0.0,-0.12551966686862986,0.0,0.0,0.8399125053002023,-0.07922745873174183,0.0,0.22584500015964412,0.0,-0.35268567073464663,0.0,-0.14126956183757386,-0.39127467729726817,-0.25946963913638427,0.0,1.028335397917586,0.0764915583061758,1.1890853381099318,-0.22726157961461455,0.0
0.380031413286636,0.0,0.0,0.0,-0.2613646275623254,0.11396334442150204,-0.2212027632291429,0.0,-0.12969683590926884,0.5244829767273846,-0.2680161806815397,0.0,0.2507085432796206,0.7541101556911552,0.0,0.0,0.45402258607017865,-0.16504553702327654,-0.0017419390372714221,0.5840676884617327,0.0,0.050782156687639746,0.0,0.1430070967302433,0.14206921523256236,0.0,0.0,0.0,0.7553841665594274,0.0,0.12400622266936025,0.0706757513963606,0.0,0.0,0.0,-0.06019479998539385,-0.30524106939196044,-0.20963660407440932,-0.029560282312862465,1.1559173668794707,0.0,1.3733822088427152,0.0,0.04546983058813217
0.0,0.26520376581865385,0.0,0.24336576027386003,0.0,0.24791480199158833,-0.14334893325097015,0.2211768714524354,0.0,0.3533663446465222,0.0,0.0,0.0,0.8176946898864423,-0.14509403942388005,0.0,0.0,-0.09878705358715517,0.0,0.5048246098142576,-0.2314319868409492,0.2806950120509049,-0.2776714861167276,0.0,0.425486692183445,0.0,0.0,0.027219003192181148,0.8256649095856472,-0.01646707867115346,0.19288611871656056,0.0,-0.1395257669997993,0.0,0.0,-0.1501615873849763,-0.33079650447585496,-0.10815258519293786,0.0,1.1061210072584653,0.27047362158616134,1.2549758921383813,0.0,0.12935899106746923
0.5295307738927384,0.0,0.16264885798622838,0.28560853891736954,0.0,0.24350302685386666,-0.10266290420440223,0.0,0.0,0.0,0.0,0.0,0.0,0.8903401530720695,-0.08739021313829809,0.5492920756988346,0.6152562995805521,0.0,-0.1825909232649788,0.9150651764354507,-0.19664442889720185,0.0,-0.20956965633217708,0.0,0.15380264886758163,-0.054968248083646726,2.0907531792208998,0.0,0.0,0.033792866998307816,0.0,0.22714539686885715,-0.11379538676223543,-0.3909311874693091,0.0,0.11170693092974576,0.0,-0.07605963949205713,0.0,1.1637515923389208,0.0,1.2354326265785727,0.0021295941455628108,0.20056817454203643
